Loaded pretrained weights for efficientnet-b0
Loaded pretrained weights for efficientnet-b0
Loaded pretrained weights for efficientnet-b0
Loaded pretrained weights for efficientnet-b4
Loaded pretrained weights for efficientnet-b4
==============================
resnet50
accuracy: 0.8570079335096336 precision: 0.6450968307367361 recall: 0.8639470294460324 f1: 0.7386524743588989

confusion matrix
    bald     bear     non-bear
[[0.96496815 0.03184713 0.00318471]
 [0.02512563 0.78559464 0.18927973]
 [0.02450067 0.13422104 0.8412783 ]]

==============================
efficientnet-b0
accuracy: 0.8991310918020401 precision: 0.7101679743908905 recall: 0.8723443142549624 f1: 0.782946204046187

confusion matrix
    bald     bear     non-bear
[[0.985138   0.014862   0.        ]
 [0.0201005  0.72696817 0.25293132]
 [0.00772304 0.0873502  0.90492676]]

==============================
efficientnet-b0 + cutmix
accuracy: 0.9335096335474121 precision: 0.793341958918179 recall: 0.8921738667715747 f1: 0.8398603589147781

confusion matrix
    bald     bear     non-bear
[[0.99044586 0.00849257 0.00106157]
 [0.01675042 0.73534338 0.2479062 ]
 [0.0023968  0.04687084 0.95073236]]

==============================
efficientnet-b0 + cutmix + ls
accuracy: 0.9178315073668304 precision: 0.7509617801696004 recall: 0.8961363515275033 f1: 0.8171512514854102

confusion matrix
    bald     bear     non-bear
[[0.992569   0.007431   0.        ]
 [0.01172529 0.77386935 0.21440536]
 [0.00292943 0.07509987 0.92197071]]

==============================
efficientnet-b4 + cutmix
accuracy: 0.9095202115602569 precision: 0.7338136428376565 recall: 0.9090140192586746 f1: 0.812071654566033

confusion matrix
    bald     bear     non-bear
[[0.98832272 0.01167728 0.        ]
 [0.01172529 0.83752094 0.15075377]
 [0.00346205 0.09533955 0.9011984 ]]

==============================
efficientnet-b4 + cutmix + ls
accuracy: 0.9293539856441254 precision: 0.7798287691280548 recall: 0.8992034699276115 f1: 0.8352725085775757

confusion matrix
    bald     bear     non-bear
[[0.992569   0.007431   0.        ]
 [0.00837521 0.76549414 0.22613065]
 [0.00266312 0.05778961 0.93954727]]

==============================
Ensemble 2 best model with temperature value 0.5
accuracy: 0.9427653947865509 precision: 0.8181263026395325 recall: 0.9083236380117071 f1: 0.8608688176458694

confusion matrix
    bald     bear     non-bear
[[0.992569   0.00636943 0.00106157]
 [0.00502513 0.77554439 0.21943049]
 [0.00186418 0.0412783  0.95685752]]

==============================
Ensemble 2 best model with temperature value 1
accuracy: 0.9423876086135248 precision: 0.8169385395909132 recall: 0.9081460969553378 f1: 0.8601311848295398

confusion matrix
    bald     bear     non-bear
[[0.992569   0.00636943 0.00106157]
 [0.00502513 0.77554439 0.21943049]
 [0.00186418 0.04181092 0.9563249 ]]

==============================
Ensemble 2 best model with temperature value 2
accuracy: 0.9421987155270117 precision: 0.8163469742602869 recall: 0.9080573264271531 f1: 0.8597633983958102

confusion matrix
    bald     bear     non-bear
[[0.992569   0.00636943 0.00106157]
 [0.00502513 0.77554439 0.21943049]
 [0.00186418 0.04207723 0.95605859]]

